306949783412    
306948493280    
306930780780    
306943290099    
306937243926    
306947582733    
306932931832    
306940790949    
306948582465    
306942804698    
306934209749    
306949417324    
306938341524    
306934496596    
306948654344    
306943952168    
306945002098    
306948574786    
306944760076    
306936898839    
306947890551    
306937010242    
306947567926    
306948271139    
306936820072    
306946534539    
306932514760    
306949285924    
306945065007    
306937492032    
306930773320    
306943678878    
306942645421    
306937267605    
306944461002    
306948624521    
306944381386    
306945086986    
306934026109    
306932464877    
306933434174    
306937267026    
306942601366    
306934873333    
306946246463    
306943910535    
306946159697    
306946679067    
306939221493    
306945982785    
306947570640    
306932413400    
306937651045    
306937275169    
306946455338    
306936911541    
306948051245    
306936757839    
306939153593    
306945853983    
306946668029    
306946025510    
306932994904    
306936930080    
306945913092    
306936148094    
306941572651    
306947194635    
306933203360    
306945274182    
306947581358    
306932088120    
306945926600    
306936318326    
306930639831    
306946771433    
306946651444    
306944579296    
306932033148    
306940202810    
306936368336    
306946188058    
306937046227    
306933202803    
306944426334    
306937518390    
306947628372    
306944351786    
306937464940    
306944150745    
306949583860    
306948908340    
306934437503    
306936592694    
306945960262    
306944658259    
306945385450    
306946712928    
306948645428    
306945901472    
306936650321    
306934182854    
306940774383    
306944321005    
306937530014    
306945402426    
306945334464    
306934338454    
306940008658    
306939320718    
306932728896    
306988346819    
306945373730    
306934764581    
306936768269    
306946102530    
306945826865    
306948828939    
306942296116    
306936660767    
306930155510    
306948485348    
306944668678    
306937730727    
306932231431    
306938830079    
306948335428    
306934609073    
306934853041    
306946917848    
306932822780    
306939693351    
306941641234    
306944315230    
306941678978    
306949075985    
306932534334    
306945397144    
306943116837    
306936915777    
306946086560    
306932222934    
306934855072    
306947556189    
306931079028    
306932381938    
306945243022    
306949393136    
306937009832    
306936913288    
306934008820    
306932740071    
306947311621    
306937299049    
306942846510    
306932563635    
306948205082    
306946562435    
306937089040    
306932679434    
306948602120    
306932526465    
306933357412    
306936948431    
306944246040    
306941695243    
306946888191    
306986002219    
306936721631    
306947751448    
306949966990    
306947555376    
306941412564    
306945740790    
306948333774    
306948050790    
306945760755    
306932994597    
306946061791    
306932837049    
306936985556    
306949134016    
306932018212    
306944387631    
306942471083    
306937334113    
306942479803    
306934369622    
306945271853    
306943718061    
306946010538    
306946351741    
306947407560    
306940303334    
306947693186    
306939955404    
306942682845    
306947955080    
306943961006    
306945961459    
306948636006    
306940686795    
306947199389    
306947849081    
306945683070    
306936172055    
306946148733    
306946428580    
306947756297    
306939626706    
306943441474    
306946794791    
306932136199    
306943696486    
306943409909    
306945789088    
306947706108    
306937518837    
306937759366    
306936468742    
306939909059    
306934248026    
306945997250    
306947695823    
306947723805    
306949494709    
306949803772    
306944059035    
306947161000    
306945623585    
306947288035    
306939899507    
306937417868    
306932212226    
306936362460    
306944781577    
306944700659    
306947948831    
306936701586    
306943906597    
306937727549    
306932917790    
306944888580    
306942983640    
306940709975    
306946351183    
306942936554    
306947099609    
306947556565    
306944706665    
306932663341    
306936568879    
306948374145    
306988636117    
306946127666    
306941549618    
306938571031    
306945431060    
306945554734    
306936821524    
306948867192    
306944837677    
306936450879    
306948781169    
306936618375    
306936661733    
306936570445    
306932594117    
306942498598    
306948585143    
306945241504    
306934522068    
306946946671    
306932138441    
306949540018    
306942922808    
306943103654    
306936740040    
306939719821    
306948447997    
306947262890    
306942649494    
306938628888    
306934037721    
306932734782    
306942699896    
306936130400    
306947898667    
306932542630    
306948063811    
306949956669    
306947886385    
306947626497    
306946422026    
306936816143    
306948788022    
306944131328    
306948483449    
306944965869    
306944451567    
306942594503    
306943725423    
306948374203    
306946089885    
306934777677    
306948805230    
306944771447    
306944291015    
306937226692    
306938254630    
306942633100    
306936122001    
306949399969    
306946466696    
306949169887    
306934797638    
306945780788    
306931826305    
306932261138    
306936838469    
306947313861    
306932871807    
306944398612    
306942867183    
306946522511    
306949078967    
306947444558    
306944881604    
306943432803    
306939941636    
306934255030    
306940910423    
306940605652    
306947369349    
306932913257    
306945300344    
306948360379    
306945768767    
306946391784    
306941497194    
306932888748    
306945857821    
306944963462    
306944304760    
306944666526    
306941657231    
306944961173    
306942010500    
306940513328    
306949243939    
306947845300    
306944543526    
306947405702    
306947454423    
306934979818    
306938405278    
306939108618    
306936217806    
306939869898    
306945572433    
306932538753    
306944459226    
306944055464    
306943565060    
306936794442    
306942710805    
306936712244    
306947273857    
306947570087    
306942670734    
306934328568    
306947844404    
306948855931    
306937547695    
306944772792    
306937324299    
306945493012    
306936541871    
306936544618    
306945056856    
306947601524    
306946148744    
306937141949    
306948810096    
306949061039    
306943480688    
306945027227    
306942461490    
306936265669    
306948571213    
306941530757    
306945536194    
306947914953    
306946306472    
306947207831    
306946609650    
306944503839    
306932403061    
306932644889    
306932227833    
306936904526    
306934505677    
306945691247    
306943085793    
306947336415    
306945860832    
306946565398    
306938484968    